27
5 5
4 1 3 3
0 0 0 0 0
0 1 0 1 0
0 1 2 0 0
0 1 1 1 0
0 0 0 0 0
5 5 1
1 3 2
2 1 3
5 2 4
5 5
3 3 1 5
0 0 0 0 0
0 1 1 1 0
0 0 2 0 0
0 1 1 1 0
0 0 0 0 0
5 3 1
1 1 5
1 3 1
7 7
6 2 5 3
0 0 0 0 0 0 0
0 0 0 1 0 0 0
0 1 0 0 1 0 0
0 2 0 0 0 0 0
0 1 0 0 0 0 0
0 0 0 0 0 1 0
0 0 1 0 0 0 0
1 4 3
1 3 1
6 1 2
2 7 2
4 5 2
5 5 1
5 5
2 1 1 3
0 0 0 0 0
0 0 0 0 0
0 0 0 1 0
0 0 0 2 1
0 0 0 1 0
5 3 0
4 1 1
7 5
3 3 4 5
0 1 0 1 0
1 1 0 1 1
0 0 0 1 0
0 1 2 1 0
1 1 0 0 0
0 0 0 1 1
0 1 1 1 0
1 3 0
3 1 3
7 1 2
7 8
4 3 3 7
1 1 0 0 0 0 0 0
1 1 0 1 1 0 1 0
1 0 1 1 0 0 1 0
1 1 0 2 0 0 1 0
1 1 0 0 1 0 1 0
1 0 0 1 1 1 0 0
1 1 1 1 0 0 1 0
1 6 0
2 8 0
5 6 1
1 5 1
9 9
5 4 2 3
0 0 1 0 0 0 0 0 1
0 1 0 1 1 0 1 1 1
0 0 0 1 0 0 1 0 1
1 1 0 1 0 1 1 0 1
1 0 0 0 0 0 0 0 1
1 0 1 0 1 0 0 0 1
1 0 0 2 0 1 0 1 1
1 0 1 0 1 1 0 0 0
1 0 1 0 0 0 0 0 1
1 2 0
2 6 0
2 1 1
1 6 1
8 9 1
9 7
3 2 991 3
0 0 0 0 0 0 0
0 1 0 0 0 0 0
0 1 1 0 0 0 0
0 1 1 0 1 0 0
0 1 0 2 1 0 0
0 1 1 0 1 0 0
0 1 1 0 0 0 0
0 1 0 0 0 0 0
0 0 0 0 0 0 0
7 4 0
6 1 0
8 4 1
9 7
3 1 5 3
0 0 0 0 0 0 0
0 1 0 0 0 0 0
0 1 1 0 0 0 0
0 1 1 1 1 0 0
1 1 0 2 1 0 1
0 1 1 0 1 0 0
0 1 1 0 0 0 0
0 1 0 0 0 0 0
0 0 0 0 0 0 0
7 4 0
8 4 1
2 5 0
10 9
3 2 5 5
0 1 0 0 0 0 0 1 0
1 0 0 0 0 0 0 1 0
0 0 0 0 2 0 0 1 1
0 1 0 0 0 0 0 1 0
0 0 0 0 0 0 0 1 0
0 1 0 1 0 1 0 0 0
1 0 0 1 0 1 1 1 1
0 0 0 1 0 1 0 0 1
0 0 0 1 0 1 0 1 0
0 0 0 1 0 1 0 0 1
8 1 1
4 9 1
10 5 1
9 10
3 2 5 5
0 0 1 0 0 0 1 1 0 1
1 1 1 1 1 0 1 0 1 0
0 0 0 0 0 0 1 0 0 0
0 0 0 0 0 1 1 1 1 1
0 0 2 0 0 0 0 0 0 0
0 0 0 0 0 1 1 1 1 1
0 0 0 0 0 0 0 0 0 0
1 0 0 1 0 1 0 0 0 0
0 1 0 0 0 0 1 0 0 0
1 4 1
9 8 1
5 10 1
9 12
4 5 5 5
0 1 0 0 1 0 0 0 1 1 0 1
0 0 1 1 1 1 1 0 1 0 1 0
1 0 0 0 0 0 0 0 1 0 0 0
0 1 0 0 0 0 0 1 1 1 1 1
0 0 0 0 2 0 0 0 0 0 0 0
0 1 0 0 0 0 0 1 1 1 1 1
0 1 0 0 0 0 0 0 0 0 0 0
0 1 1 0 0 1 0 1 0 0 0 0
0 1 0 1 0 0 0 0 1 0 0 0
1 6 1
9 10 0
9 1 0
5 12 1
10 10
10 2 20 5
0 0 0 1 0 0 0 0 1 0
1 0 1 0 0 1 0 0 0 0
0 0 0 0 0 0 0 1 0 0
0 1 0 0 0 0 0 0 0 0
0 0 0 0 1 1 0 0 1 1
0 0 1 0 0 0 0 1 0 0
1 0 0 2 0 0 0 0 0 1
0 0 1 1 0 1 1 0 0 1
0 1 0 0 0 0 0 0 0 0
0 1 0 0 0 1 0 0 1 0
4 7 1
8 1 1
9 6 1
2 8 1
10 1 0
3 1 1
1 5 0
1 10 1
10 10 2
1 1 0
10 10
10 2 20 5
0 0 0 1 0 0 0 0 1 0
1 0 1 0 0 1 0 0 0 0
0 0 0 0 0 0 0 1 0 0
0 1 0 0 0 0 0 0 0 0
0 0 0 0 1 1 0 0 1 1
0 0 1 0 0 0 0 1 0 0
1 0 0 2 0 0 0 0 0 1
0 0 1 1 0 1 1 0 0 1
0 1 0 0 0 0 0 0 0 0
0 1 0 0 0 1 0 0 1 0
1 1 1
1 5 1
1 10 1
2 8 1
3 1 1
4 7 1
8 1 1
9 6 1
10 1 1
10 10 1
20 20
10 5 20 11
0 0 0 1 0 0 0 0 0 0 0 0 0 0 0 1 0 0 0 0
0 1 0 0 1 0 0 0 1 0 1 0 1 0 0 0 0 1 1 1
0 1 0 0 0 0 0 0 1 0 1 0 0 0 1 0 0 0 0 0
1 0 0 1 0 1 1 0 0 0 0 0 1 0 0 0 0 1 0 0
0 1 0 0 0 0 0 0 0 1 0 1 1 0 0 1 0 0 0 0
0 1 1 0 1 0 0 1 0 0 0 0 0 1 1 0 1 0 0 0
0 0 0 0 0 0 1 0 1 0 1 0 0 2 0 0 0 1 1 0
0 1 0 1 0 0 1 0 0 0 0 0 0 0 1 0 1 0 0 0
0 0 0 1 0 0 0 0 0 1 0 0 1 0 0 0 1 1 0 0
0 1 0 0 0 1 0 1 0 1 0 0 1 0 0 1 0 0 1 0
0 0 0 1 1 0 0 1 0 0 1 0 0 0 1 0 0 0 0 1
0 1 0 0 0 0 0 0 0 0 0 0 1 0 1 0 1 1 0 1
0 0 1 0 1 0 1 1 0 0 1 0 0 0 0 1 0 0 0 0
0 0 0 0 0 1 0 0 1 0 0 0 1 0 0 0 1 1 1 0
1 0 0 1 0 1 0 1 0 1 0 0 0 0 1 1 0 0 0 0
0 0 0 0 0 1 0 0 1 0 1 1 0 0 0 0 1 0 1 0
0 0 1 0 0 0 0 1 0 0 0 0 1 0 0 0 0 0 0 0
0 0 0 0 1 0 0 0 0 1 0 0 0 1 0 1 0 0 1 0
0 1 0 1 0 1 0 0 0 0 0 0 0 0 0 1 1 0 0 0
0 0 0 0 0 0 0 0 0 1 1 0 0 1 0 0 0 1 0 0
1 9 1
1 20 1
3 1 1
5 1 1
10 20 1
11 1 1
13 17 1
14 8 1
19 5 1
20 17 1
20 20
10 5 20 11
0 0 0 1 0 0 0 0 0 0 0 0 0 0 0 1 0 0 0 0
0 1 0 0 1 0 0 0 1 0 1 0 1 0 0 0 0 1 1 1
0 1 0 0 0 0 0 0 1 0 1 0 0 0 1 0 0 0 0 0
1 0 0 1 0 1 1 0 0 0 0 0 1 0 0 0 0 1 0 0
0 1 0 0 0 0 0 0 0 1 0 1 1 0 0 1 0 0 0 0
0 1 1 0 1 0 0 1 0 0 0 0 0 1 1 0 1 0 0 0
0 0 0 0 0 0 1 0 1 0 1 0 0 2 0 0 0 1 1 0
0 1 0 1 0 0 1 0 0 0 0 0 0 0 1 0 1 0 0 0
0 0 0 1 0 0 0 0 0 1 0 0 1 0 0 0 1 1 0 0
0 1 0 0 0 1 0 1 0 1 0 0 1 0 0 1 0 0 1 0
0 0 0 1 1 0 0 1 0 0 1 0 0 0 1 0 0 0 0 1
0 1 0 0 0 0 0 0 0 0 0 0 1 0 1 0 1 1 0 1
0 0 1 0 1 0 1 1 0 0 1 0 0 0 0 1 0 0 0 0
0 0 0 0 0 1 0 0 1 0 0 0 1 0 0 0 1 1 1 0
1 0 0 1 0 1 0 1 0 1 0 0 0 0 1 1 0 0 0 0
0 0 0 0 0 1 0 0 1 0 1 1 0 0 0 0 1 0 1 0
0 0 1 0 0 0 0 1 0 0 0 0 1 0 0 0 0 0 0 0
0 0 0 0 1 0 0 0 0 1 0 0 0 1 0 1 0 0 1 0
0 1 0 1 0 1 0 0 0 0 0 0 0 0 0 1 1 0 0 0
0 0 0 0 0 0 0 0 0 1 1 0 0 1 0 0 0 1 0 0
1 9 0
1 20 3
3 1 0
15 17 0
10 20 2
11 1 0
13 17 1
14 8 0
19 5 0
20 17 4
20 20
10 5 20 11
0 0 0 1 0 0 0 0 0 0 0 0 0 0 0 1 0 0 0 0
0 1 0 0 1 0 0 0 1 0 1 0 1 0 0 0 0 1 1 1
0 1 0 0 0 0 0 0 1 0 1 0 0 0 1 0 0 0 0 0
1 0 0 1 0 1 1 0 0 0 0 0 1 0 0 0 0 1 0 0
0 1 0 0 0 0 0 0 0 1 0 1 1 0 0 1 0 0 0 0
0 1 1 0 1 0 0 1 0 0 0 0 0 1 1 0 1 0 0 0
0 0 0 0 0 0 1 0 1 0 1 0 0 2 0 0 0 1 1 0
0 1 0 1 0 0 1 0 0 0 0 0 0 0 1 0 1 0 0 0
0 0 0 1 0 0 0 0 0 1 0 0 1 0 0 0 1 1 0 0
0 1 0 0 0 1 0 1 0 1 0 0 1 0 0 1 0 0 1 0
0 0 0 1 1 0 0 1 0 0 1 0 0 0 1 0 0 0 0 1
0 1 0 0 0 0 0 0 0 0 0 0 1 0 1 0 1 1 0 1
0 0 1 0 1 0 1 1 0 0 1 0 0 0 0 1 0 0 0 0
0 0 0 0 0 1 0 0 1 0 0 0 1 0 0 0 1 1 1 0
1 0 0 1 0 1 0 1 0 1 0 0 0 0 1 1 0 0 0 0
0 0 0 0 0 1 0 0 1 0 1 1 0 0 0 0 1 0 1 0
0 0 1 0 0 0 0 1 0 0 0 0 1 0 0 0 0 0 0 0
0 0 0 0 1 0 0 0 0 1 0 0 0 1 0 1 0 0 1 0
0 1 0 1 0 1 0 0 0 0 0 0 0 0 0 1 1 0 0 0
0 0 0 0 0 0 0 0 0 1 1 0 0 1 0 0 0 1 0 0
14 8 0
15 17 0
10 20 2
20 17 4
1 20 3
11 1 0
19 5 0
1 9 0
13 17 1
3 1 0
20 20
10 5 20 11
0 0 0 1 0 0 0 0 0 0 0 0 0 0 0 1 0 0 0 0
0 1 0 0 1 0 0 0 1 0 1 0 1 1 0 1 0 1 1 1
0 1 0 0 0 0 0 0 1 0 1 0 0 0 1 0 0 0 0 0
1 0 0 1 0 1 1 0 0 0 0 0 1 0 0 0 0 1 0 0
0 1 0 0 0 0 0 0 0 1 0 1 1 0 0 1 0 0 0 0
0 1 1 0 1 0 0 1 0 0 0 0 0 1 1 0 1 0 0 0
0 0 0 0 0 0 1 0 1 0 1 0 1 2 1 0 0 1 1 0
0 1 0 1 0 0 1 0 0 0 0 0 0 0 1 0 1 0 0 0
0 0 0 1 0 0 0 0 0 1 0 0 1 0 0 0 1 1 0 0
0 1 0 0 0 1 0 1 0 1 0 0 1 0 0 1 0 0 1 0
0 0 0 1 1 0 0 1 0 0 1 0 0 0 1 0 0 0 0 1
0 1 0 0 0 0 0 0 0 0 0 0 1 0 1 0 1 1 0 1
0 0 1 0 1 0 1 1 0 0 1 0 0 0 0 1 0 0 0 0
0 0 0 0 0 1 0 0 1 0 0 0 1 0 0 0 1 1 1 0
1 0 0 1 0 1 0 1 0 1 0 0 0 0 1 1 0 0 0 0
0 0 0 0 0 1 0 0 1 0 1 1 0 0 0 0 1 0 1 0
0 0 1 0 0 0 0 1 0 0 0 0 1 0 0 0 0 0 0 0
0 0 0 0 1 0 0 0 0 1 0 0 0 1 0 1 0 0 1 0
0 1 0 1 0 1 0 0 0 0 0 0 0 0 0 1 1 0 0 0
0 0 0 0 0 0 0 0 0 1 1 0 0 1 0 0 0 1 0 0
1 9 0
1 20 3
3 1 0
15 17 0
10 20 2
11 1 0
13 17 1
14 8 0
19 5 0
20 17 4
8 12
7 4 4 5
0 0 0 0 1 0 0 0 0 0 0 0
1 0 1 0 0 0 1 0 0 0 1 0
0 0 1 0 1 0 1 0 1 0 0 0
1 0 0 2 0 0 1 0 0 1 0 0
0 0 1 0 0 0 1 0 0 0 0 0
1 0 1 0 1 0 0 0 1 0 1 0
0 1 0 0 0 0 1 0 0 0 0 0
0 0 0 1 1 0 1 0 0 1 0 0
4 6 0
1 1 1
1 10 2
1 7 2
7 1 4
8 12 1
3 12 1
9 7
3 2 986 3
0 0 0 0 0 0 0
0 1 0 0 0 0 0
0 1 1 0 0 0 0
0 1 1 0 1 0 0
0 1 1 2 0 0 0
0 1 1 0 1 0 0
0 1 1 0 0 0 0
0 1 0 0 0 0 0
0 0 0 0 0 0 0
7 4 0
5 1 0
8 4 1
20 19
9 10 20 17
0 0 1 0 1 0 0 0 1 0 0 0 0 1 0 0 0 0 0
1 0 0 0 0 0 0 1 0 0 1 0 0 0 1 0 0 1 0
0 1 0 1 0 1 0 0 0 1 0 0 1 0 0 0 1 0 0
0 0 0 0 1 0 0 1 0 1 0 0 1 0 1 0 0 0 0
0 1 0 1 0 1 0 0 0 0 1 0 1 0 0 1 0 1 0
0 0 0 0 0 0 1 1 0 1 0 0 0 0 0 0 0 0 0
0 1 1 0 1 0 0 0 0 0 0 1 0 1 0 1 0 0 1
0 0 0 0 1 0 1 0 1 0 0 0 0 0 0 0 1 0 0
0 1 0 1 0 0 0 0 1 0 1 0 1 0 1 0 0 0 1
0 0 0 0 0 0 1 0 0 2 0 0 1 0 0 1 1 0 0
1 1 1 1 0 0 0 0 1 0 0 0 1 0 0 0 0 0 1
0 0 0 0 0 1 0 0 0 1 0 1 1 0 1 0 1 0 0
0 1 0 1 0 0 0 1 0 0 0 0 0 0 0 0 1 0 1
0 0 0 0 0 1 0 0 0 0 0 1 0 1 0 0 0 0 0
0 1 0 0 1 0 0 1 0 1 0 0 0 0 1 0 1 1 0
0 1 0 0 0 0 0 1 0 0 1 1 1 0 0 0 1 0 0
0 1 0 1 0 1 0 0 0 1 0 0 0 0 1 0 0 0 1
1 0 0 0 0 0 1 0 0 0 0 1 0 0 1 0 1 0 0
0 0 1 0 1 0 0 0 1 1 0 0 0 1 0 0 0 1 0
0 0 1 0 0 0 1 0 0 0 0 0 1 0 0 1 0 0 0
17 1 0
1 1 5
19 1 3
3 1 1
20 14 2
20 10 1
5 9 5
7 1 2
20 19 3
18 19
10 4 17 9
0 0 1 0 0 0 0 0 1 0 0 0 0 1 0 0 0 0 0
0 1 0 1 0 1 0 0 0 1 0 0 1 0 0 0 1 0 0
0 0 0 0 1 0 0 1 0 1 0 0 1 0 1 0 1 0 0
0 1 0 1 0 1 0 0 0 0 1 0 1 0 0 1 0 1 0
0 0 0 0 2 0 1 1 0 1 0 0 0 0 0 0 0 1 0
0 1 1 0 1 0 0 0 0 0 0 1 0 1 0 1 0 0 1
0 1 0 1 0 0 0 0 1 0 1 0 1 0 1 0 0 0 1
0 0 0 0 0 0 1 0 0 1 0 0 1 0 0 1 1 0 0
1 1 1 1 0 0 0 0 1 0 0 0 1 0 0 0 0 0 1
0 0 0 0 1 1 0 0 0 1 0 1 1 0 1 0 1 0 0
0 1 0 1 0 0 0 1 0 0 0 0 0 0 0 0 1 0 1
0 0 0 0 0 1 1 0 0 0 0 1 0 1 0 0 0 0 0
0 1 0 0 1 0 0 1 0 1 0 0 0 0 1 0 1 1 0
0 1 0 0 0 0 0 1 0 0 1 1 1 0 0 0 1 0 0
0 1 0 1 0 1 0 0 0 1 0 0 0 0 1 0 0 0 1
1 0 0 0 0 0 1 0 0 0 0 1 0 0 1 0 1 0 0
0 0 1 0 1 0 0 0 1 1 0 0 0 1 0 0 0 1 0
0 0 1 0 0 0 1 0 0 0 0 0 1 0 0 1 0 0 0
10 4 1
2 9 0
1 4 2
8 14 5
1 13 1
12 13 0
9 10 1
5 19 3
14 16 0
8 19 1
20 20
10 7 7 15
0 0 1 0 0 0 1 0 0 0 1 0 0 0 1 0 0 0 1 0
1 0 0 0 1 0 0 0 1 0 0 0 1 0 0 0 1 0 0 0
0 0 1 1 1 1 1 1 1 1 1 1 1 1 1 1 1 1 1 0
1 0 1 1 0 0 0 1 0 0 0 0 0 0 1 0 0 0 1 0
0 0 1 0 1 1 0 0 0 1 0 1 1 0 0 0 1 0 1 0
1 0 1 0 0 1 1 1 1 1 0 1 1 1 1 1 1 0 1 0
0 0 1 1 0 1 0 0 0 0 0 0 0 0 0 0 1 0 1 0
0 1 1 0 0 1 0 1 1 1 1 1 1 1 0 0 1 0 1 0
0 0 1 0 1 1 0 1 0 0 0 0 0 1 0 0 1 0 1 0
1 0 0 0 0 1 0 1 0 1 1 1 0 1 0 0 1 0 1 0
0 0 1 1 0 1 0 1 0 1 2 0 0 1 0 0 1 0 1 0
1 0 1 0 0 1 0 1 0 1 1 1 0 1 0 0 1 0 1 0
0 0 1 0 1 1 0 1 0 0 0 0 0 1 0 0 1 0 1 0
0 1 1 0 0 1 0 1 1 1 0 1 1 1 0 0 1 0 1 0
0 0 1 1 0 1 0 0 0 0 0 0 0 0 0 0 1 0 1 0
1 0 1 0 0 1 1 1 1 1 1 1 1 1 1 1 1 0 1 0
0 0 1 0 1 0 0 0 1 0 0 0 1 0 0 0 1 0 1 0
0 1 1 0 0 0 1 0 0 0 1 0 0 0 1 0 0 0 1 0
0 0 1 1 1 1 1 1 1 1 1 1 1 1 1 1 1 1 1 0
1 0 0 0 0 0 0 0 0 0 0 0 0 0 0 0 0 0 0 0
17 20 1
1 20 1
19 1 1
3 1 1
6 2 1
10 3 1
9 20 1
20 4 1
1 6 1
20 13 1
20 20
10 7 7 15
0 0 1 0 0 0 1 0 0 0 1 0 0 0 1 0 0 0 1 0
1 0 0 0 1 0 0 0 1 0 0 0 1 0 0 0 1 0 0 0
0 0 1 1 1 1 1 1 1 1 1 1 1 1 1 1 1 1 1 0
1 0 1 1 0 0 0 1 0 0 0 0 0 0 1 0 0 0 1 0
0 0 1 0 1 1 0 0 0 1 0 1 1 0 0 0 1 0 1 0
1 0 1 0 0 1 1 1 1 1 0 1 1 1 1 1 1 0 1 0
0 0 1 1 0 1 0 0 0 0 0 0 0 0 0 0 1 0 1 0
0 1 1 0 0 1 0 1 1 1 1 1 1 1 0 0 1 0 1 0
0 0 1 0 1 1 0 1 0 0 0 0 0 1 0 0 1 0 1 0
1 0 0 0 0 1 0 1 0 1 1 1 0 1 0 0 1 0 1 0
0 0 1 1 0 1 0 1 0 1 2 0 0 1 0 0 1 0 1 0
1 0 1 0 0 1 0 1 0 1 1 1 0 1 0 0 1 0 1 0
0 0 1 0 1 1 0 1 0 0 0 0 0 1 0 0 1 0 1 0
0 1 1 0 0 1 0 1 1 1 0 1 1 1 0 0 1 0 1 0
0 0 1 1 0 1 0 0 0 0 0 0 0 0 0 0 1 0 1 0
1 0 1 0 0 1 1 1 1 1 1 1 1 1 1 1 1 0 1 0
0 0 1 0 1 0 0 0 1 0 0 0 1 0 0 0 1 0 1 0
0 1 1 0 0 0 1 0 0 0 1 0 0 0 1 0 0 0 1 0
0 0 1 1 1 1 1 1 1 1 1 1 1 1 1 1 1 1 1 0
1 0 0 0 0 0 0 0 0 0 0 0 0 0 0 0 0 0 0 0
17 20 2
1 20 2
19 1 2
3 1 2
6 2 2
10 3 2
9 20 2
20 4 2
1 6 2
20 13 2
20 20
10 4 20 15
0 0 1 0 0 0 1 0 0 0 1 0 0 0 1 0 0 0 1 0
1 0 0 0 1 0 0 0 1 0 0 0 1 0 0 0 1 0 0 0
0 0 1 1 1 1 1 1 1 1 1 1 1 1 1 1 1 1 1 0
1 0 1 1 0 0 0 1 0 0 0 0 0 0 1 0 0 0 1 0
0 0 1 0 1 1 0 0 0 1 0 1 1 0 0 0 1 0 1 0
1 0 1 0 0 1 1 1 1 1 0 1 1 1 1 1 1 0 1 0
0 0 1 1 0 1 0 0 0 0 0 0 0 0 0 0 1 0 1 0
0 1 1 0 0 1 0 1 1 1 1 1 1 1 0 0 1 0 1 0
0 0 1 0 1 1 0 1 0 0 0 0 0 1 0 0 1 0 1 0
1 0 0 0 0 1 0 1 0 1 1 1 0 1 0 0 1 0 1 0
0 0 1 1 0 1 0 1 0 1 2 0 0 1 0 0 1 0 1 0
1 0 1 0 0 1 0 1 0 1 1 1 0 1 0 0 1 0 1 0
0 0 1 0 1 1 0 1 0 0 0 0 0 1 0 0 1 0 1 0
0 1 1 0 0 1 0 1 1 1 0 1 1 1 0 0 1 0 1 0
0 0 1 1 0 1 0 0 0 0 0 0 0 0 0 0 1 0 1 0
1 0 1 0 0 1 1 1 1 1 1 1 1 1 1 1 1 0 1 0
0 0 1 0 1 0 0 0 1 0 0 0 1 0 0 0 1 0 1 0
0 1 1 0 0 0 1 0 0 0 1 0 0 0 1 0 0 0 1 0
0 0 1 1 1 1 1 1 1 1 1 1 1 1 1 1 1 1 1 0
1 0 0 0 0 0 0 0 0 0 0 0 0 0 0 0 0 0 0 0
17 20 3
1 20 2
19 1 3
3 1 2
6 2 2
10 3 3
9 20 2
20 4 3
1 6 2
20 13 3
20 20
10 4 19 15
0 0 1 0 0 0 1 0 0 0 1 0 0 0 1 0 0 0 1 0
1 0 0 0 1 0 0 0 1 0 0 0 1 0 0 0 1 0 0 0
0 0 1 1 1 1 1 1 1 1 1 1 1 1 1 1 1 1 1 0
1 0 1 1 0 0 0 1 0 0 0 0 0 0 1 0 0 0 1 0
0 0 1 0 1 1 0 0 0 1 0 1 1 0 0 0 1 0 1 0
1 0 1 0 0 1 1 1 1 1 0 1 1 1 1 1 1 0 1 0
0 0 1 1 0 1 0 0 0 0 0 0 0 0 0 0 1 0 1 0
0 1 1 0 0 1 0 1 1 1 1 1 1 1 0 0 1 0 1 0
0 0 1 0 1 1 0 1 0 0 0 0 0 1 0 0 1 0 1 0
1 0 0 0 0 1 0 1 0 1 1 1 0 1 0 0 1 0 1 0
0 0 1 1 0 1 0 1 0 1 2 0 0 1 0 0 1 0 1 0
1 0 1 0 0 1 0 1 0 1 1 1 0 1 0 0 1 0 1 0
0 0 1 0 1 1 0 1 0 0 0 0 0 1 0 0 1 0 1 0
0 1 1 0 0 1 0 1 1 1 0 1 1 1 0 0 1 0 1 0
0 0 1 1 0 1 0 0 0 0 0 0 0 0 0 0 1 0 1 0
1 0 1 0 0 1 1 1 1 1 1 1 1 1 1 1 1 0 1 0
0 0 1 0 1 0 0 0 1 0 0 0 1 0 0 0 1 0 1 0
0 1 1 0 0 0 1 0 0 0 1 0 0 0 1 0 0 0 1 0
0 0 1 1 1 1 1 1 1 1 1 1 1 1 1 1 1 1 1 0
1 0 0 0 0 0 0 0 0 0 0 0 0 0 0 0 0 0 0 0
10 3 1
19 1 1
17 20 1
20 13 1
9 20 1
3 1 1
1 20 1
1 6 1
6 2 1
20 4 1
7 7
3 2 8 5
0 0 0 0 0 0 0
0 1 1 1 1 1 0
0 1 2 0 0 0 0
0 1 0 1 0 1 0
0 1 0 0 0 1 0
0 1 1 1 1 1 0
0 0 0 0 0 0 0
3 7 3
5 7 1
5 3 2

정답:
#1 3 2 14
#2 1 2 8
#3 -1
#4 -1
#5 1 3 5
#6 3 3 11
#7 5 1 8
#8 3 2 1000
#9 -1
#10 1 1 9
#11 1 1 9
#12 1 2 9
#13 3 5 14
#14 9 5 17
#15 1 5 43
#16 5 7 43
#17 -1
#18 -1
#19 1 4 11
#20 -1
#21 5 2 31
#22 -1
#23 9 5 121
#24 4 4 115
#25 10 5 135
#26 8 4 107
#27 3 1 3

테케 설명:
#1 : 기본 테케 (도식 O)
#2 : 가장 간단한 테케
#3 : 계속 왔다갔다 하면서 1000번째 턴 넘기는 테케
#4 : -1이 나오는 간단한 테케
#5 : 본인 위치에 폭탄공격하면 틀림
     폭탄 없어서 못 던지는데 던지면 틀림
#6 : '슥'에서 안 움직였는데 '쏴'하면 틀림
#7 : '쏴'에서 여러명 공격인데 전부를 처리하지 않으면 틀림
#8 : 1000번째 턴에서 성공 (999에서 종료돼서 -1 출력시 오답)
#9 : '쏴'에서 임시 벽 기간 설정 잘못 하면 틀림
#10 : '쏴'에서 맨해튼 거리 겹칠 때 공격 우선순위 오류내면 틀림
#11 : 맨해튼 거리 겹칠 때 '행번호 높은 순'이 아닌 '행번호 낮은 순'으로 구현하면 틀림
      폭탄 1개 있던거 사용했는데 -1 안해줘서 또 던지면 틀림
#12 : '쏴'에서 보물까지의 맨해튼 거리가 아닌 폭탄 던지는 곳부터의 맨해튼 거리로 계산하면 틀림
      폭탄 던질 때 보물 못 넘기게 구현하면 틀림
#13 : 사이즈 큰 테케
#14 : 사이즈 큰 테케
#15 : 사이즈 큰 테케
#16 : 사이즈 큰 테케
#17 : 사이즈 큰 테케
#18 : 아무도 움직이지 못했지만 턴 진행하면 틀림
#19 : 플레이어가 보물 획득했는데도 이후 과정('쏴' 혹은 내구도 감소 혹은 둘다) 수행하면 틀림
#20 : 1001번째 턴에서 성공하기에 -1 출력 안 하면 틀림
#21 : 사이즈 큰 테케
#22 : 계속 왔다갔다 하면서 1000번째 턴 넘기는 사이즈 큰 테케
#23 : 사이즈 큰 테케
#24 : 사이즈 큰 테케
#25 : 사이즈 큰 테케
#26 : 사이즈 큰 테케
#27 : 턴이 0부터 계
